    0 2541 2475 5325 6363 4062  399  690  354 7287 2526 2148 2019 4776 7152 7179 7455 2928  531 5661 3054 1644 5862 3006 1527  381 4080  876  699 1212  780  417  249 1542 3399 4878 2373 3501 1977 1629 4713 3075 2958 3555 3828 4002 3435 6465
 2541    0  885 2796 4167 2211 2883 3183 2886 5181 1521 1860  558 2406 4794 5181 5091 1185 2361 3645  726  996 3513  477 1323 2775 1566 2112 2025 2028 2259 2943 2685 1059 1125 2442  675  978  840 1980 2385 2127 1626 1134 1938 1896 1542 3936
 2475  885    0 3216 4896 3078 2730 3162 2823 5928  642 1071  750 3087 5418 5964 5703 2064 2127 4449 1572 1398 4167 1020  960 2793 1812 1785 1815 1575 1944 2820 2544  996  975 3063 1485 1578  525 1365 2253 1254  783 1872 1401 2727  987 4329
 5325 2796 3216    0 2313 2421 5676 5946 5667 3300 3690 4242 3342 1137 2388 3516 2637 2772 5148 2439 2328 3711 1425 2349 4047 5532 1422 4875 4812 4737 5028 5733 5478 3843 2322  849 3045 1824 3522 4578 1815 3909 3441 1833 2781 1989 2796 1143
 6363 4167 4896 2313    0 2349 6756 6846 6654 1047 5493 5961 4695 1818 1074 1203 1332 3435 6369  876 3462 4764  891 3882 5478 6447 3414 6201 6051 6174 6333 6774 6573 5154 4236 1908 4032 3321 5004 6147 4098 5886 5364 3045 4917 2370 4818 2208
 4062 2211 3078 2421 2349    0 4458 4512 4335 3228 3720 4062 2637 1311 3273 3129 3570 1179 4128 1602 1512 2532 2076 2139 3393 4116 2382 4011 3825 4047 4125 4467 4284 3021 2808 1584 1842 1773 3003 4110 3429 4278 3750 1374 3693  507 3420 3273
  399 2883 2730 5676 6756 4458    0  579  291 7683 2700 2259 2346 5154 7539 7578 7839 3324  621 6057 3426 2022 6246 3342 1770  543 4398  996  915 1311  855  126  198 1854 3681 5250 2757 3852 2259 1716 4983 3192 3138 3924 4044 4392 3663 6816
  690 3183 3162 5946 6846 4512  579    0  351 7731 3204 2799 2679 5331 7683 7596 7986 3432 1146 6105 3645 2238 6402 3654 2217  417 4737 1521 1377 1848 1395  453  690 2217 4077 5454 2940 4128 2661 2262 5397 3732 3639 4149 4515 4509 4122 7080
  354 2886 2823 5667 6654 4335  291  351    0 7563 2853 2448 2370 5094 7464 7443 7767 3225  798 5934 3384 1974 6177 3357 1875  273 4431 1170 1029 1500 1047  192  348 1896 3753 5205 2694 3846 2328 1917 5067 3381 3288 3888 4170 4299 3780 6807
 7287 5181 5928 3300 1047 3228 7683 7731 7563    0 6531 6993 5697 2859 1305  438 1353 4371 7329 1629 4464 5721 1899 4911 6480 7341 4458 7179 7014 7170 7305 7692 7506 6144 5280 2955 4998 4359 6018 7158 5103 6930 6408 4068 5958 3336 5862 2964
 2526 1521  642 3690 5493 3720 2700 3204 2853 6531    0  582 1275 3678 5964 6579 6243 2691 2082 5073 2211 1851 4737 1638 1056 2883 2271 1704 1830 1410 1854 2808 2535 1302 1371 3630 2085 2175  921 1065 2457  684  441 2493 1377 3363 1056 4770
 2148 1860 1071 4242 5961 4062 2259 2799 2448 6993  582    0 1461 4155 6480 7017 6765 2961 1656 5490 2583 1890 5235 2082  903 2523 2823 1281 1464  951 1407 2376 2112 1272 1932 4131 2307 2646 1077  549 3033  936  978 2928 1929 3750 1632 5334
 2019  558  750 3342 4695 2637 2346 2679 2370 5697 1275 1461    0 2952 5346 5676 5643 1506 1812 4134 1233  660 4059  996  786 2280 2061 1557 1473 1485 1704 2412 2151  504 1443 2997  846 1530  387 1479 2763 1947 1524 1680 2094 2379 1677 4482
 4776 2406 3087 1137 1818 1311 5154 5331 5094 2859 3678 4155 2952    0 2400 2943 2700 1938 4704 1557 1743 3132 1110 2079 3726 4920 1662 4494 4371 4431 4635 5190 4962 3435 2430  291 2403 1512 3231 4368 2529 4077 3552 1272 3168  951 3027 1983
 7152 4794 5418 2388 1074 3273 7539 7683 7464 1305 5964 6480 5346 2400    0 1707  306 4254 7101 1938 4140 5520 1293 4437 6117 7275 3738 6891 6768 6822 7032 7569 7350 5832 4623 2364 4785 3861 5613 6738 4173 6258 5766 3666 5166 3177 5151 1755
 7179 5181 5964 3516 1203 3129 7578 7596 7443  438 6579 7017 5676 2943 1707    0 1782 4296 7254 1545 4458 5652 2094 4947 6456 7215 4584 7125 6948 7137 7245 7581 7404 6105 5370 3075 4941 4410 6012 7152 5298 7014 6486 4092 6090 3300 5967 3294
 7455 5091 5703 2637 1332 3570 7839 7986 7767 1353 6243 6765 5643 2700  306 1782    0 4557 7401 2205 4440 5823 1596 4728 6414 7578 4008 7191 7071 7119 7332 7872 7650 6132 4899 2658 5085 4155 5907 7029 4401 6525 6036 3963 5418 3483 5415 1911
 2928 1185 2064 2772 3435 1179 3324 3432 3225 4371 2691 2961 1506 1938 4254 4296 4557    0 2961 2757  693 1359 2976 1317 2235 3027 2064 2835 2652 2874 2952 3342 3141 1854 2097 2109  675 1272 1887 2955 3102 3309 2805 1008 2991 1080 2637 3837
  531 2361 2127 5148 6369 4128  621 1146  798 7329 2082 1656 1812 4704 7101 7254 7401 2961    0 5715 2964 1608 5808 2802 1170  906 3837  381  339  705  255  729  459 1308 3087 4776 2340 3339 1674 1122 4377 2589 2520 3450 3426 4002 3048 6291
 5661 3645 4449 2439  876 1602 6057 6105 5934 1629 5073 5490 4134 1557 1938 1545 2205 2757 5715    0 2919 4113 1209 3435 4914 5715 3210 5580 5406 5592 5703 6066 5883 4563 3924 1764 3399 2922 4476 5610 4065 5541 5010 2580 4707 1758 4536 2718
 3054  726 1572 2328 3462 1512 3426 3645 3384 4464 2211 2583 1233 1743 4140 4458 4440  693 2964 2919    0 1413 2847  663 2019 3228 1404 2757 2631 2715 2895 3468 3234 1701 1422 1827  717  615 1557 2697 2421 2772 2247  507 2322 1170 1989 3450
 1644  996 1398 3711 4764 2532 2022 2238 1974 5721 1851 1890  660 3132 5520 5652 5823 1359 1608 4113 1413    0 4227 1470 1017 1824 2556 1485 1296 1557 1596 2061 1833  621 2058 3234  738 1896  936 1722 3360 2532 2151 1917 2751 2397 2334 4845
 5862 3513 4167 1425  891 2076 6246 6402 6177 1899 4737 5235 4059 1110 1293 2094 1596 2976 5808 1209 2847 4227    0 3171 4833 5991 2580 5601 5478 5538 5742 6279 6057 4542 3432 1110 3492 2598 4335 5469 3213 5085 4575 2379 4068 1911 3996 1512
 3006  477 1020 2349 3882 2139 3342 3654 3357 4911 1638 2082  996 2079 4437 4947 4728 1317 2802 3435  663 1470 3171    0 1710 3249 1089 2529 2466 2412 2682 3405 3147 1497  786 2073 1023  576 1191 2304 1950 2145 1614  858 1674 1740 1332 3489
 1527 1323  960 4047 5478 3393 1770 2217 1875 6480 1056  903  786 3726 6117 6456 6414 2235 1170 4914 2019 1017 4833 1710    0 1866 2694  843  858  708 1002 1863 1584  402 1920 3759 1560 2274  528  726 3213 1695 1464 2457 2304 3159 1908 5181
  381 2775 2793 5532 6447 4116  543  417  273 7341 2883 2523 2280 4920 7275 7215 7578 3027  906 5715 3228 1824 5991 3249 1866    0 4332 1254 1065 1590 1158  462  522 1827 3693 5040 2526 3714 2283 2007 5013 3447 3312 3735 4167 4104 3765 6669
 4080 1566 1812 1422 3414 2382 4398 4737 4431 4458 2271 2823 2061 1662 3738 4584 4008 2064 3837 3210 1404 2556 2580 1089 2694 4332    0 3534 3504 3366 3693 4470 4203 2547  903 1509 2031  795 2172 3177 1068 2523 2034 1104 1509 1881 1419 2520
  876 2112 1785 4875 6201 4011  996 1521 1170 7179 1704 1281 1557 4494 6891 7125 7191 2835  381 5580 2757 1485 5601 2529  843 1254 3534    0  273  336  162 1107  837 1062 2754 4548 2184 3081 1365  753 4032 2211 2142 3228 3057 3843 2685 6012
  699 2025 1815 4812 6051 3825  915 1377 1029 7014 1830 1464 1473 4371 6768 6948 7071 2652  339 5406 2631 1296 5478 2466  858 1065 3504  273    0  570  315 1008  732  969 2766 4443 2019 3000 1347  972 4068 2385 2262 3114 3144 3684 2757 5952
 1212 2028 1575 4737 6174 4047 1311 1848 1500 7170 1410  951 1485 4431 6822 7137 7119 2874  705 5592 2715 1557 5538 2412  708 1590 3366  336  570    0  459 1425 1161 1032 2550 4467 2205 2979 1224  417 3792 1887 1848 3162 2778 3840 2424 5871
  780 2259 1944 5028 6333 4125  855 1395 1047 7305 1854 1407 1704 4635 7032 7245 7332 2952  255 5703 2895 1596 5742 2682 1002 1158 3693  162  315  459    0  969  705 1206 2913 4695 2307 3231 1521  870 4188 2343 2292 3369 3210 3972 2841 6168
  417 2943 2820 5733 6774 4467  126  453  192 7692 2808 2376 2412 5190 7569 7581 7872 3342  729 6066 3468 2061 6279 3405 1863  462 4470 1107 1008 1425  969    0  279 1923 3765 5292 2790 3909 2340 1833 5070 3309 3246 3969 4146 4413 3762 6873
  249 2685 2544 5478 6573 4284  198  690  348 7506 2535 2112 2151 4962 7350 7404 7650 3141  459 5883 3234 1833 6057 3147 1584  522 4203  837  732 1161  705  279    0 1659 3489 5058 2568 3657 2067 1575 4794 3045 2970 3732 3867 4209 3486 6621
 1542 1059  996 3843 5154 3021 1854 2217 1896 6144 1302 1272  504 3435 5832 6105 6132 1854 1308 4563 1701  621 4542 1497  402 1827 2547 1062  969 1032 1206 1923 1659    0 1866 3489 1182 2034  471 1119 3186 1977 1659 2169 2397 2811 1983 4983
 3399 1125  975 2322 4236 2808 3681 4077 3753 5280 1371 1932 1443 2430 4623 5370 4899 2097 3087 3924 1422 2058 3432  786 1920 3693  903 2754 2766 2550 2913 3765 3489 1866    0 2334 1773 1047 1425 2316 1326 1653 1143 1440  903 2355  621 3405
 4878 2442 3063  849 1908 1584 5250 5454 5205 2955 3630 4131 2997  291 2364 3075 2658 2109 4776 1764 1827 3234 1110 2073 3759 5040 1509 4548 4443 4467 4695 5292 5058 3489 2334    0 2517 1500 3252 4374 2304 3987 3471 1329 3018 1188 2910 1749
 2373  675 1485 3045 4032 1842 2757 2940 2694 4998 2085 2307  846 2403 4785 4941 5085  675 2340 3399  717  738 3492 1023 1560 2526 2031 2184 2019 2205 2307 2790 2568 1182 1773 2517    0 1284 1230 2283 2967 2733 2259 1218 2610 1665 2217 4164
 3501  978 1578 1824 3321 1773 3852 4128 3846 4359 2175 2646 1530 1512 3861 4410 4155 1272 3339 2922  615 1896 2598  576 2274 3714  795 3081 3000 2979 3231 3909 3657 2034 1047 1500 1284    0 1758 2877 1833 2622 2088  399 1923 1311 1665 2964
 1977  840  525 3522 5004 3003 2259 2661 2328 6018  921 1077  387 3231 5613 6012 5907 1887 1674 4476 1557  936 4335 1191  528 2283 2172 1365 1347 1224 1521 2340 2067  471 1425 3252 1230 1758    0 1143 2739 1602 1224 1968 1926 2721 1512 4656
 1629 1980 1365 4578 6147 4110 1716 2262 1917 7158 1065  549 1479 4368 6738 7152 7029 2955 1122 5610 2697 1722 5469 2304  726 2007 3177  753  972  417  870 1833 1575 1119 2316 4374 2283 2877 1143    0 3504 1479 1494 3108 2442 3855 2112 5694
 4713 2385 2253 1815 4098 3429 4983 5397 5067 5103 2457 3033 2763 2529 4173 5298 4401 3102 4377 4065 2421 3360 3213 1950 3213 5013 1068 4032 4068 3792 4188 5070 4794 3186 1326 2304 2967 1833 2739 3504    0 2415 2076 2169 1179 2922 1404 2616
 3075 2127 1254 3909 5886 4278 3192 3732 3381 6930  684  936 1947 4077 6258 7014 6525 3309 2589 5541 2772 2532 5085 2145 1695 3447 2523 2211 2385 1887 2343 3309 3045 1977 1653 3987 2733 2622 1602 1479 2415    0  534 2982 1239 3882 1116 4923
 2958 1626  783 3441 5364 3750 3138 3639 3288 6408  441  978 1524 3552 5766 6486 6036 2805 2520 5010 2247 2151 4575 1614 1464 3312 2034 2142 2262 1848 2292 3246 2970 1659 1143 3471 2259 2088 1224 1494 2076  534    0 2448  954 3351  684 4485
 3555 1134 1872 1833 3045 1374 3924 4149 3888 4068 2493 2928 1680 1272 3666 4092 3963 1008 3450 2580  507 1917 2379  858 2457 3735 1104 3228 3114 3162 3369 3969 3732 2169 1440 1329 1218  399 1968 3108 2169 2982 2448    0 2319  918 2055 2949
 3828 1938 1401 2781 4917 3693 4044 4515 4170 5958 1377 1929 2094 3168 5166 6090 5418 2991 3426 4707 2322 2751 4068 1674 2304 4167 1509 3057 3144 2778 3210 4146 3867 2397  903 3018 2610 1923 1926 2442 1179 1239  954 2319    0 3225  420 3729
 4002 1896 2727 1989 2370  507 4392 4509 4299 3336 3363 3750 2379  951 3177 3300 3483 1080 4002 1758 1170 2397 1911 1740 3159 4104 1881 3843 3684 3840 3972 4413 4209 2811 2355 1188 1665 1311 2721 3855 2922 3882 3351  918 3225    0 2973 2928
 3435 1542  987 2796 4818 3420 3663 4122 3780 5862 1056 1632 1677 3027 5151 5967 5415 2637 3048 4536 1989 2334 3996 1332 1908 3765 1419 2685 2757 2424 2841 3762 3486 1983  621 2910 2217 1665 1512 2112 1404 1116  684 2055  420 2973    0 3816
 6465 3936 4329 1143 2208 3273 6816 7080 6807 2964 4770 5334 4482 1983 1755 3294 1911 3837 6291 2718 3450 4845 1512 3489 5181 6669 2520 6012 5952 5871 6168 6873 6621 4983 3405 1749 4164 2964 4656 5694 2616 4923 4485 2949 3729 2928 3816    0